streets = [0,1;
0,6;
0,9;
1,2;
1,4;
1,5;
2,0;
2,6;
3,0;
3,4;
3,5;
3,6;
3,8;
4,2;
4,6;
4,7;
4,8;
5,0;
7,3;
7,8;
9,3;
9,6;
]