intersections = [-267.8036328343653,-89.45633154852885;
-39.512182213193,-813.2875906258206;
309.90884160442033,-326.400128809061;
119.06765158323014,723.4809232685466;
879.4840427155286,-793.7105609723063;
-986.9403517441797,-827.3460967568064;
369.4842607820094,-221.30835918448372;
642.7701809018556,572.3182745586287;
522.8886890354213,143.4930220177996;
30.751634092186805,-43.36433883381585;
]